2001375
2004824
2014192
2015846
2015845
2019142
2023897
2028504
2031150
2034796
2034810
2041304
2041303
2041391
2046223
2050013
2056457
2056436
2057352
2063379
2063574
2063571
2064296
2064478
2064469
2064375
2064799
2066558
2067355
2068687
2078130
2078355
2080458
2080468
2080621
2080625
2080622
2080616
2080695
2080764
2082228
2082442
2086990
2086873
2087000
2086988
2088034
2088021
2088030
2089767
2096562
2096565
2096566
2097646
2098678
2099540
2099543
2100573
2104855
2105362
2107309
2114098
2114075
2115706
2118732
2124073
2129332
2129330
2129325
2129448
2129676
2129685
2129921
2130835
2136375
2136263
2136259
2144601
2145804
2149364
2156461
2157627
2158088
2159592
2163276
2173531
2175352
2192414
2192401
2192387
2192827
2193070
2193950
2249234
2253754
2267554
2267635
2268040
2291935
2296348
2302516
2313704
2337715
2344934
2345218
2356540
2356656
2358162
2358161
2358269
2358166
2370441
2370376
2372429
2374242
2374216
2405893
2405782
2405879
2407034
2407055
2407124
2415148
2415183
2415263
2415204
2415180
2426057
2426086
2428965
2428878
2436119
2439313
2447040
2447146
2447488
2463027
2464843
2464936
2473496
2473512
2473854
2473850
2476684
2476756
2480712
2485591
2487302
2487303
2518058
2518146
2518032
2518138
2520905
2542026
2542030
2553882
2574045
2580357
2585413
2585455
2585429
2585466
2598591
2642454
2702589
2718304
2760941
2760945
2760919
2760932
2791242
2791277
2814566
2814563
2831631
2831891
2831803
2854919
2855024
2854914
2854900
2855000
2854945
2854917
2855014
2857560
2857629
2857573
2880159
2887298
2904391
2907913
2907840
2909652
2909680
2909749
2909681
2909655
2909670
2917217
2939974
2939986
2942858
2943405
2943401
2943606
2945660
2945746
2945735
2945677
2945736
2945663
2957739
2957759
2957831
2957816
2957806
2957827
2957828
2957830
2967142
2967165
2967093
2967154
2968077
2972720
2972669
2972811
2972809
2972655
2972757
2972662
2972814
2972647
2972663
2972654
2972723
2972653
3005462
3008392
3010061
3055929
3055921
3099665
3127053
3127042
3134119
3148138
3148040
3148069
3148125
3148107
3151629
3175465
3209189
3209187
3212798
3227211
3227100
3231125
3233268
3243100
3243169
3243097
3251904
3251896
3251817
3251816
3251797
3251813
3251921
3256340
3256388
3256424
3269267
3270774
3270820
3275010
3275013
3275005
3274967
3274927
3300980
3300972
3300966
3300969
3317866
3317957
3317954
3317796
3317942
3323806
3352180
3358698
3358750
3376066
3379943
3409635
3409776
3409734
3409657
3412503
3412507
3424293
3424396
3439962
3439945
3440024
3439957
3453276
3460552
3460419
3460830
3461843
3462232
3462319
3462255
3462171
3472834
3486441
3486371
3486431
3486438
3486369
3486368
3506488
3551727
3551763
3555080
3561716
3582310
3583227
3583478
3583614
3586121
3586178
3586186
3587270
3588016
3588078
3588247
3589118
3597185
3597198
3597207
3604789
3604822
3604830
3604836
3604838
3604841
3604850
3604854
3604861
3604884
3605681
3605773
3605898
3609708
3609825
3609827
3609896
3609907
3609918
3609945
3610012
3610034
3610050
3610378
3610407
3610448
3614534
3614821
3614893
3629490
3642783
3652995
3653142
3659143
3659175
3659194
3659220
3659221
3659232
3659233
3659234
3667955
3667985
3668069
3668131
3694905
3698370
3698370
3698370
3698451
3698451
3698451
3705091
3718188
3719753
3732912
3733213
3733247
3733397
3771464
3778107
3778145
3778649
3778680
3778769
3778771
3778775
3778815
3802699
3803058
3803292
3826185
3826188
3826191
3835579
3842239
3842320
3849160
3871020
3882821
3882822
3892358
3892413
3892424
3892435
3892807
3892885
3914468
3938128
3940829
3944104
3948852
3953736
3953744
3953748
3953757
3953758
3953786
3953803
3983135
3984384
3984401
3984411
3984792
3984822
3990574
3992045
3992057
3992093
3992109
3992128
3996789
4000088
4020468
4020470
4020477
4020998
4022102
4031937
4031940
4044977
4045177
4047714
4053510
4060880
4084703
4084711
4084719
4110041
4110117
4110130
4129553
4129567
4153541
4153558
4153570
4157176
4163970
4167738
4181988
4182011
4182038
4182041
4182043
4182045
4182047
4182049
4182478
4182528
4182530
4182532
4182536
4182538
4182540
4186688
4186708
4186710
4186711
4188598
4206788
4213261
4213265
4213276
4213280
4213290
4213296
4213342
4213365
4213404
4213428
4213432
4213482
4213489
4213548
4213577
4213581
4213583
4213585
4213587
4213592
4213595
4213668
4213670
4213676
4213678
4214209
4214213
4214217
4214221
4214224
4214226
4214228
4214230
4214236
4217474
4217475
4217476
4217479
4223020
4238775
4238907
4245274
4245276
4253597
4253610
4257547
4257710
4257732
4262084
4278932
4280777
4280780
4289897
4329236
4345481
4346682
4346685
4350521
4353036
4353045
4375425
4375435
4375448
4382897
4402210
4402211
4402212
4402213
4402233
4402235
4402242
4410587
4410605
4411093
4411104
4412998
4413486
4429347
4429351
4429354
4432922
4434096
4447130
4448534
4448559
4448578
4476050
4476573
4477594
4477597
4477600
4477605
4477615
4477620
4477622
4487825
4487843
4525392
4525404
4526068
4526089
4526091
4526097
4526099
4526103
4526105
4526160
4526181
4526197
4526325
4541871
4542719
4542721
4548162
4561266
4561270
4579528
4586891
4599762
4599766
4599768
4609788
4609790
4609792
4609793
4609796
4609798
4609799
4609800
4609801
4617806
4617816
4626398
4629626
4629627
4629628
4629629
4629630
4629631
4629632
4629633
4629634
4629635
4629636
4629637
4629638
4629639
4629640
4629641
4629642
4629643
4629644
4629645
4629646
4629647
4629648
4629649
4629650
4629651
4629683
4629684
4629687
4629689
4629697
4629699
4629701
4629703
4633829
4633843
4633852
4633853
4639458
4639459
4639460
4639461
4639462
4639577
4639761
4639846
4662510
4663410
4663416
4674359
4674360
4674362
4674364
4674365
4674366
4674367
4674372
4695685
4695686
4695689
4695690
4695691
4696969
4697020
4697033
4697871
4697873
4697882
4697889
4697894
4697895
4697896
4697897
4712503
4712519
4715281
4715281
4715333
4715342
4716562
4716564
4716565
4716574
4718856
4718964
4727766
4727769
4727967
4728037
4728045
4728055
4728056
4734220
4734781
4746220
4746774
4758647
4758648
4758676
4758677
4758678
4758679
4758680
4758681
4758682
4758683
4758684
4765014
4765015
4765627
4766757
4766759
4767424
4767425
4767426
4767427
4767428
4767429
4767431
4767432
4767433
4767434
4767435
4767436
4767437
4767438
4767439
4767440
4767441
4767442
4768576
4768845
4768846
4770387
4791802
4791806
4791807
4791808
4791809
4791811
4791813
4791814
4791815
4791816
4791817
4791818
4791820
4811578
4831156
4831159
4831163
4831164
4831165
4831166
4831167
4831169
4831170
4831171
4831172
4831174
4831177
4831179
4831180
4831181
4831182
4831183
4831184
4831186
4831188
4831190
4831191
4841632
4841633
4841634
4841635
4841636
4841637
4841638
4841639
4841640
4841642
4841643
4841645
4841646
4841647
4841648
4841650
4841651
4841652
4841654
4841655
4841656
4841657
4841658
4841659
4841660
4841661
4841662
4841663
4841664
4841666
4841667
4841668
4841669
4841670
4841671
4841672
4841673
4841674
4841675
4841676
4841677
4841678
4841679
4841680
4841681
4841682
4841683
4841684
4841685
4843810
4851049
4851049
4851049
4851049
4851055
4851055
4851055
4851059
4851059
4851059
4851059
4851065
4851065
4851065
4851065
4851070
4851070
4851070
4851070
4851076
4851076
4851076
4851081
4851082
4851082
4851082
4851082
4851614
4851615
4851616
4851617
4851618
4851619
4851620
4851621
4851622
4851623
4851624
4851625
4851626
4851627
4851628
4851629
4851630
4851631
4851632
4851633
4851635
4851636
4851638
4851639
4851640
4851641
4851642
4851643
4851644
4851645
4851646
4851647
4851648
4851649
4851650
4851651
4851652
4851653
4851654
4851655
4851656
4851657
4851658
4851659
4851660
4851661
4851662
4851663
4851821
4852423
4852707
4852707
4852707
4852707
4851065
4851070
4851076
4851082
4852785
4852785
4852785
4852785
4852821
4852821
4852821
4852821
4852821
4854204
4854212
4854213
4856754
4856762
4862670
4874266
4874597
4874598
4874600
4874616
4874618
4876891
4876949
4878507
4851059
4879169
4884572
4884573
4884575
4884577
4884578
4884583
4884584
4884585
4884586
4884587
4884588
4884589
4884590
4884591
4884592
4887717
4905626
4905627
4905628
4905629
4905630
4905631
4905632
4905636
4905637
4905638
4905639
4905646
4905647
4905648
4905649
4905650
4916126
4920387
4920388
4920390
4920391
4925670
4925680
4925682
4925683
4925684
4925685
4925691
4925699
4925700
4925701
4925702
4939964
4939968
4939974
4939975
4939976
4940117
4940118
4940119
4940122
4940124
4960573
4960577
4960607
4960608
4961406
4961406
4961406
4961406
4961419
4961430
4961430
4961430
4961430
4979302
4982224
4982225
4982226
4982227
4982228
4982229
4982230
4982231
4982232
4982233
4982234
4982235
4982236
4982237
5000090
5024838
5024889
5025477
5025821
5026923
5026925
5026926
5026927
5026930
5026931
5027742
5027743
5027763
5027763
5027781
5027781
5027781
5027782
5027783
5027784
5027758
5027759
5027760
5027761
5027762
5027764
5027773
5027774
5027775
5027776
5027777
5027778
5027779
5027780
5027764
5027764
5027763
5034114
5034137
5034137
5050129
5052219
5052873
5053000
5053647
5053691
5053879
5053880
5061015
5061262
5061263
5061264
5061266
5061267
5061268
5061269
5027782
5027783
5027784
5062492
5067939
5075451
5075452
5075457
5080142
5080627
5080676
5080678
5085145
5096050
5096051
5096053
5096054
5096056
5133904
5154046
5154059
5154060
5154064
5154066
5156354
5156355
5159884
5165764
5172325
5172326
5172327
5172328
5172329
5172330
5172331
5172332
5172333
5172334
5172335
5174036
5174052
5034114
5190867
5190913
5197693
5197694
5197695
5197696
5197697
5197698
5197699
5197700
5197701
5197702
5205326
5205328
5205328
5205328
5218234
5218236
5218237
5218243
5276380
5290540
5308604
5308605
5308610
5308611
5308612
5308615
5343762
5343763
5343764
5343765
5343766
5343775
5343776
5343777
5343778
5343779
5343781
5343783
5343785
5343802
5343803
5343804
5343805
5343806
5343808
5346428
5346429
5346430
5346431
5346433
5346436
5346439
5346440
5346441
5346447
5346449
5346450
5346451
5346460
5346475
5346478
5346480
5346487
5346488
5346490
5378478
5378480
5378486
5378487
5378488
5378489
5378490
5378508
5378509
5378510
5378519
5378520
5378521
5378522
5378523
5378524
5378526
5378548
5378549
5378550
5378551
5378552
5378553
5378554
5378555
5378556
5378558
5378559
5378560
5378561
5378562
5378563
5378564
5378565
5378566
5389558
5389560
5389561
5389566
5389569
5392062
5392063
5392066
5397530
5397727
5399094
5399968
5400005
5400036
5400037
5400767
5400768
5400769
5400770
5400771
5400778
5401353
5402938
5407801
5417524
5417525
5417529
5420162
5420163
5420164
5420165
5420166
5420167
5481370
5499191
5499192
5501910
5501911
5501914
5501908
5501907
5501912
5501909
5501913
5501915
5506548
5506549
5506550
5506553
5506552
5507477
5508409
5508408
5518268
5522543
5526981
5526978
5526982
5526979
5526980
5526983
5526976
5536261
5536269
5536266
5536270
5539332
5540370
5556216
5576459
5576460
5576461
5576462
5576463
5576464
5601269
5601270
5601225
5601219
5601227
5601221
5601222
5601223
5601257
5601258
5601261
5601262
5632184
5632185
5632196
5632189
5632183
5632187
5632186
5632182
5639326
5639327
5639328
5639337
5639338
5654466
5654468
5654467
5654481
5654484
5654465
5654448
5654482
5654483
5654480
5654460
5670226
5670227
5670229
5670230
5670231
5670232
5670233
5687202
5696346
5696349
5696347
5696350
5696353
5696356
5696355
5696345
5696354
5696351
5696348
5707683
5707684
5725380
5725381
5725382
5725384
5725385
5725386
5725387
5725388
5725393
5725398
5725399
5725400
5725401
5725402
5725390
5725390
5725442
5725389
5725390
5727962
5727964
5727968
5727969
5727970
5727971
5727972
5727980
5727981
5727983
5727984
5727985
5727986
5727987
5727988
5727989
5727990
5727991
5727992
5727993
5727994
5727995
5727996
5728001
5728002
5728003
5728004
5728005
5728006
5728007
5728008
5728009
5728011
5728012
5728013
5728014
5728015
5728016
5728017
5728018
5728019
5728020
5728021
5728022
5728023
5728024
5728025
5728029
5728030
5732338
5732339
5741277
5746528
5746529
5746530
5746531
5746532
5746510
5746525
5746526
5746527
5746509
5746536
5746511
5746512
5746513
5746514
5746515
5746516
5746517
5746518
5746519
5746520
5746521
5746522
5746523
5746524
5758998
5758999
5760829
5760833
5760839
5760842
5760843
5760845
5760846
5760847
5760849
5760850
5760852
5760853
5760833
5760833
5760833
5760833
5761469
5761470
5770330
5771582
5771580
5771585
5771587
5771559
5771560
5771581
5771579
5771586
5771584
5771592
5771589
5771583
5771591
5771590
5772186
5776757
5776754
5776755
5776753
5778085
5788928
5788917
5788926
5788931
5788923
5788920
5788921
5788913
5790707
5790708
5790709
5790711
5790713
5790712
5790715
5790718
5790719
5790722
5790712
5790712
5790725
5790726
5790727
5792687
5792690
5792697
5792694
5792686
5792692
5792698
5792689
5792693
5792696
5792691
5792688
5795041
5795044
5796148
5796151
5796154
5796157
5796150
5796147
5796146
5796149
5796152
5796155
5796162
5796156
5827932
5833207
5833209
5833206
5833212
5833220
5833219
5833205
5833208
5833211
5833218
5834647
5834651
5834652
5834655
5834665
5834691
5834696
5834699
5834755
5834761
5834795
5836112
5854936
5854949
5854940
5854948
5854937
5854947
5854929
5854946
5854939
5854945
5854928
5854944
5854935
5854943
5854942
5854934
5854938
5854933
5854941
5854932
5854931
5854930
5854992
5865563
5865700
5865701
5865702
5865703
5865704
5865705
5865706
5865707
5865708
5865709
5865710
5865711
5865712
5865716
5865717
5865718
5865719
5865720
5865721
5865722
5866562
5866563
5866565
5866568
5866569
5866573
5866576
5866580
5866581
5866586
5866592
5866593
5866598
5866599
5874537
5874538
5874539
5874541
5874542
5874543
5874544
5883629
5883632
5883636
5883639
5888698
5888698
5888698
5893475
5893555
5893557
5893558
5911322
5911323
5917421
5917422
5917423
5917424
5917481
5917482
5917483
5917419
5918162
5918165
5930194
5930197
5930200
5933329
5933285
5933295
5933296
5933297
5933298
5933299
5933284
5933330
5933286
5933287
5933288
5933289
5933290
5933291
5933292
5933293
5933296
5933300
5933301
5933302
5933303
5933304
5933305
5933306
5933307
5933308
5933309
5933310
5933325
5933326
5933327
5933328
5951898
5951898
5951914
5951911
5951908
5951905
5951900
5951909
5951912
5951897
5951906
5951910
5951913
5951899
5951901
5951901
5957619
5957607
5969908
5970240
5975805
5975806
5975808
5975809
5980199
5980201
5980207
5980204
5980202
5980197
5980200
5980229
5984997
5987043
5987116
5987118
5990033
5991684
5991686
5991688
5991692
5995757
5995761
5995764
5995765
5995766
5995767
5995768
5995771
5995772
5995773
5995774
5995779
5995758
5995780
5995808
5995756
5995778
5995809
5995776
5995755
5995762
5995760
5995811
5995759
5995770
5996813
5996826
5996828
5996836
5996839
6001107
6001104
6001105
6001102
6001103
6001106
6001101
6001123
6001126
6005055
6005054
6005062
6005060
6005196
6005198
6007603
6007604
6020100
6020101
6020107
6020108
6027345
6027349
6027350
6027351
6027352
6027353
6027354
6028663
6028670
6028671
6028672
6028673
6028674
6028676
6029404
6029480
6029529
6043573
6043575
6043579
6043581
6046880
6053336
6053337
6053338
6053339
6053855
6054238
6054237
6054244
6054245
6054246
6054247
6054249
6054248
6065096
6075189
6075191
6077538
6077539
6077540
6077541
6079333
6079333
6079333
6086100
6086108
6086109
6086110
6086111
6086112
6093106
6093107
6093108
6093109
6093110
6117755
6117744
6122632
6122633
6122634
6122636
6133000
6133001
6133002
6133003
6142468
6143370
6143371
6143372
6143373
6143374
6143375
6143376
6143377
6143378
6143379
6143380
6143381
6143382
6143383
6143384
6143385
6143386
6143387
6143388
6143389
6143390
6143391
6143392
6143393
6143394
6143395
6143396
6143397
6143398
6143399
6143400
6143401
6143402
6143403
6143404
6143405
6143406
6143407
6143408
6143409
6155525
6158730
6158731
6158732
6158733
6158734
6158735
6158736
6158737
6171745
6171747
6171746
6171748
6171758
6171757
6171759
6171868
6171869
6171870
6171871
6171872
6171873
6181285
6181284
6181286
6181514
6181515
6181516
6181517
6181518
6181520
6181521
6181541
6181542
6181543
6181544
6181546
6181547
6181548
6181549
6181550
6181551
6181552
6181553
6181554
6181526
6181526
6181526
6181527
6181527
6181527
6181528
6181528
6181528
6184661
6184662
6184663
6184664
6184665
6184667
6184668
6184688
6184689
6184690
6184691
6184693
6184694
6184695
6184696
6184697
6184698
6184699
6184700
6184701
6184673
6184673
6184673
6184674
6184674
6184674
6184675
6184675
6184675
6185920
6185919
6185913
6185917
6185916
6185912
6217502
6217503
6217504
6217505
6217506
6217507
6217508
6217509
6217510
6219657
6219658
6219659
6219660
6219661
6219662
6219663
6219664
6235863
6235864
6235865
6235866
6237310
6237311
6237312
6237313
6243900
6243901
6243902
6243903
6243904
6243905
6243906
6243907
6247800
6250443
6250451
6258819
6258818
6258820
6270660
6270659
6270661
6270668
6290921
6299648
6299657
6317562
6326506
6331606
6331744
6334135
6334136
6334137
6334138
6334141
6339619
6339620
6349845
6349843
6352339
6352323
6352326
6352338
6352335
6352332
6352328
6352325
6352333
6352336
6352334
6352337
6352327
6352324
6352321
6358271
6360504
6360505
6360506
6360507
6360508
6360509
6364708
6364713
6364714
6364717
6364718
6364719
6364720
6364721
6364722
6364723
6364724
6364725
6364726
6364727
6364730
6364737
6372654
6372655
6372656
6372657
6372658
6372659
6372720
6372721
6372722
6372723
6377031
6377036
6377030
6377037
6377034
6377035
6377033
6377032
6378755
6378756
6378757
6389468
6389453
6389467
6389460
6389457
6426641
6426828
6426829
6426830
6436804
6436809
6436806
6436807
6436810
6436803
6436808
6436805
6442992
6443003
6443004
6443005
6443006
6443007
6443008
6445984
6445983
6446793
6446794
6447111
6452843
6452845
6452846
6456119
6456120
6456121
6456122
6456123
6456124
6465769
6465768
6465774
6465781
6465775
6465762
6465767
6465761
6486007
6486009
6486011
6486013
6506173
6512755
6521936
6521942
6521949
6521950
6522824
6529862
6529863
6529864
6529865
6529866
6529867
6530377
6530378
6530379
6530380
6530381
6530382
6530420
6530421
6541845
6541848
6541849
6541850
6541853
6541854
6541855
6541856
6541857
6541857
6541859
6546100
6546101
6546102
6546103
6546104
6546105
6546107
6546108
6546825
6546826
6546827
6546828
6546829
6546830
6546832
6546833
6547235
6547236
6547237
6547238
6547239
6552060
6554112
6554116
6554121
6554124
6554126
6554127
6554128
6554130
6554132
6554134
6554138
6554143
6554144
6554146
6554148
6554149
6554150
6554155
6554157
6555852
6558420
6558421
6558422
6558423
6603071
6603072
6620441
6620610
6634290
6634291
6634292
6634293
6647384
6647385
6647386
6647387
3055929
6660580
6660583
6660584
6660585
6660587
6660588
6665650
6665663
6665820
6675754
6675755
6675756
6675757
6675758
6683023
6683026
6683028
6683029
6683030
6683994
6683995
6683998
6683999
6684000
6687920
6687921
6687923
6687924
6687925
6687926
6697019
6734524
6734525
6734526
6734528
6734529
6734531
6734532
6734533
6364721
6364722
6364723
6737158
6737159
6737160
6737162
6737163
6737165
6737167
6737181
6737182
6737183
6743668
6743669
6743670
6743671
6743675
6743679
6743686
6743687
6743692
6762828
6762829
6762830
6762831
6762832
6762833
6762834
6762835
6762836
6762837
6762853
6768064
6779554
6779555
6779569
6364723
6786122
6786122
6364721
6364721
6364718
6794106
6794107
6799020
6799023
6799024
6799025
6799027
6799028
6799029
6799030
6799032
6810697
6825902
6844081
6844082
6844083
6855130
6855131
6855132
6855133
6855139
6855140
6856337
6856344
6856349
6856363
6856366
6856367
6858376
6858377
6858378
6859330
6859332
6859336
6861570
6861571
6861575
6861576
6861577
6863721
6866537
6866538
6866539
6866540
6866541
6866542
6866543
6866544
6866545
6866546
6866547
6866548
6866549
6866550
6866551
6866552
6866553
6866554
6866555
6866556
6871327
6873891
6873892
6873893
6873894
6873895
6873896
6873897
6881153
6886640
6892210
6892211
6892213
6892215
6892216
6892217
6892218
6892219
6892220
6895996
6895997
6895998
6896000
6896003
6896004
6905486
6905487
6905488
6905491
6910391
6910397
6910398
6914787
6914788
6914789
6914790
6915924
6915925
6915929
6916090
6923761
6925052
6925053
6925054
6925055
6925056
6925057
6925058
6925059
6925706
6926903
6927254
6931776
6931777
6937824
6937825
6944653
6948339
6948340
6948342
6956403
6965910
6965911
6965913
6965914
6965915
6966653
6966654
6966655
6966656
6966657
6966658
6977136
6977137
6977138
6985786
6985787
6989651
6989652
6989653
6990682
6990683
6990684
6990685
7009865
7009866
7009867
7009868
7009869
7009870
7009871
7009872
7009873
7009874
7009875
7009876
7009877
7009878
7009879
7017585
7017586
7017589
7017590
7017592
7017594
7017598
7017600
7017601
7017602
2124265
7034644
7034669
7034670
7034672
7034673
7034674
7034676
7034681
7053420
7053421
7053422
7053423
7053424
7053425
7053426
7053427
7053428
7062688
7075587
7075592
7075593
7075601
7075602
7075603
7101716
7101723
7101724
7103560
7103561
7103562
7106782
7106783
7110361
7110367
7121386
7121587
7121588
7121591
7121596
7127256
7153989
7154000
7154002
7157531
7157532
7161608
7161614
7161615
7171086
7179870
7179871
7195064
7195065
7195066
7203545
7203545
7203546
7223087
7223088
7223089
7223090
7223091
7223092
7223093
7223094
7223095
7225731
7225732
7225733
7225734
7225735
7225736
7225737
7225738
7240527
7240528
7240529
7240530
7240531
7240532
7255905
7255906
7255913
7255914
7255915
7267387
7267385
7267383
7267381
7267379
7267382
7291941
7291942
7291944
7291945
7291946
7291947
7291948
7291949
7291950
7291951
7291952
7291953
7299075
7301786
7301787
7301788
7301789
7301790
7301791
7301792
7301793
7301794
7301795
7301796
7306823
7306824
7306825
7306826
7306827
7306828
7306829
7306830
7306831
7306832
7306833
7306834
7306835
7306836
7306837
7306838
7306839
7306840
7306841
7306842
7306843
7306844
7306845
7306846
7306847
7306848
7306849
7306850
7306851
7306852
7306853
7306854
7306855
7306856
7306857
7306858
7306859
7306861
7306862
7306863
7306864
7306865
7306866
7306867
7306868
7306869
7306870
7306871
7306872
7306873
7313798
7320398
7320400
7320402
7321732
7321733
7325059
7325060
7325061
7329399
7334835
7334836
7334837
7334838
7334839
7334840
7343287
7343288
7343296
7343297
7343298
7343299
7343301
7343301
7343301
7343303
7347978
7347979
7347980
7347986
7347988
7347995
7347996
7347997
7359779
7359780
7359781
7359782
7359783
7359784
7359785
7366351
7366352
7371266
7371267
7371268
7371269
7376835
7376837
7378572
7378574
7381349
7381360
7381365
7381366
7381367
7381368
7381369
7381370
7381371
7381372
7381373
7381374
7381375
7381376
7381377
7381378
7381379
7381380
7381381
7381382
7381383
7381384
7382869
7386012
7386014
7386015
7392404
7392405
7392406
7392407
7394379
7394399
7394400
7399034
7399035
7399036
7399037
7399039
7399040
7399041
7399042
7399043
7399044
7406801
7406802
7406803
7406804
7406805
7406806
7409631
7409632
7409633
7409634
7409639
7429862
7429863
7431086
7431097
7431100
7431103
7431104
7431105
7431106
7432615
7432616
7432617
7432618
7432623
7435886
7455434
7475426
7475425
7475426
7475427
7478407
7482044
7482045
7482054
7482055
7484407
7484408
7484409
7484410
7484411
7492586
7492587
7502218
7502221
7503529
7503530
7511253
7511258
7511259
7513376
7513377
7513477
7513478
7513479
7525597
7525598
7530256
7530258
7548388
7549965
7549969
7549970
7563485
7563486
7563487
7563489
7563491
7563493
7563495
7563497
7563499
7563500
7563501
7563503
7563505
7564785
7564789
7564797
7564802
7564807
7564807
7565008
7565009
7565012
7565013
7565015
7565016
7565017
7565019
7565020
7565021
7565023
7565025
7565026
7565027
7566295
7566301
7566302
7566303
7566308
7566309
7566310
7566311
7566312
7566313
7566314
7566315
7566316
7568942
7568943
7568944
7568945
7568946
7568947
7573563
7586284
7586285
7586286
7592010
7592011
7592012
7592013
7592014
7592015
7592016
7592017
7592018
7592019
7601958
7601960
7601961
7601962
7601963
7601964
7607035
7607036
7607039
7607041
7607042
7607043
7607044
7613594
7613595
7613596
7613602
7613605
7613606
7613607
7613608
7613610
7613612
7613614
7613616
7613618
7613619
7617496
7618594
7630031
7632449
7632451
7632453
7632804
7632805
7632806
7632807
7632808
7632822
7632825
7632826
7632828
7635408
7635409
7635411
7636723
7643921
7643922
7647358
7647359
7660609
7660610
7660611
7660612
7660613
7660614
7660615
7660616
7660617
7666686
7666687
7666688
7666689
7666690
7666691
7670601
7670602
7673593
7673595
7673596
7673597
7673598
7680982
7693325
7693326
7700218
7703902
7703903
7703904
7703905
7703906
7703907
7703908
7703909
7703910
7703911
7703912
7703913
7703914
7703931
7703916
7703917
7703918
7703919
7703920
7703921
7703922
7703923
7703924
7703925
7703926
7703927
7703928
7703929
7703930
7703931
7703931
7704808
7704809
7704810
7704819
7704836
7704837
7704838
7708952
7708953
7709895
7709896
7710291
7710384
7712779
7712780
7712781
7712782
7712783
7712784
7714718
7714719
7714720
7714721
7714722
7714723
7714724
7714726
7714727
7714728
7475427
7724619
7724620
7724621
7724622
7724623
7724624
7724625
7724626
7724627
7772181
7772182
7772183
7772184
7772185
7772186
7772187
7772188
7776219
7776213
7776213
7776222
7776222
7776223
7776215
7781676
7781671
7781672
7782590
7782591
7782592
7785459
7785460
7785461
7785447
7785448
7785457
7785458
7785464
7788752
7788799
7788802
7799189
7799190
7799191
7799192
7799194
7799195
7799196
7799197
7799198
7799200
7799179
7799186
7799187
7811237
7811238
7811239
7811240
7811241
7811242
7811243
7811244
7812928
7830988
7830989
7830990
7832434
7832435
7833534
7833545
7833552
7833553
7833554
7833555
7835956
7840110
7840111
7840113
7840114
7842020
7845072
7845072
7845072
7849461
7849462
7849463
7849464
7849465
7849466
7849467
7849468
7849469
7849470
7776222
7776222
7855025
7855026
7855027
7855028
7855029
7855030
7855031
7858744
7858745
7858746
7858747
7858748
7858749
7858751
7858752
7858755
7858758
7858760
7858763
7870705
7870709
7870710
7870711
7870712
7870713
7870714
7870718
7887225
7887227
7888069
7888071
7888072
7888073
7888074
7888075
7888076
7888077
7888078
7888079
7889707
7894407
7894409
7894411
7894412
7894414
7894404
7895461
7895462
7895463
7922364
7933735
7933736
7933752
7933734
7933745
7933746
7933747
7938634
7938635
7938636
7938637
7938638
7938639
7938642
7938642
7938643
7938640
7938640
7946464
7946464
7946464
7946464
7946475
7946475
7946476
7946476
7946476
7950545
7953599
7953575
7959434
7959413
7959413
7959416
7959416
7959418
7959418
7959418
7959420
7959423
7959423
7959423
7959424
7959424
7959424
7959424
7959431
7959431
7959431
7959434
7959434
7959434
7962648
7962649
7962649
7962652
7963528
7990105
7990106
7990107
7990108
7990109
7990110
7845072
7992887
7992890
7992889
7992890
7992891
7996089
7996091
7996092
7996525
7996526
7996527
7996528
7996529
7996530
7996531
7996532
7996533
8014970
8014968
8021879
8021880
8021887
8021881
8021881
8023984
8023984
8023978
8023979
8023981
8023981
8023982
8023983
8023984
8023985
8023986
8023987
8023988
8027273
8027274
8027275
8030923
8030924
8035634
8035635
8035639
8046003
8046004
8048635
8048636
8054626
8054627
8054628
8062005
8062007
8062010
8062006
8079623
8080593
8080594
8084870
8084870
8084872
8084874
8084874
8084876
8084876
8084878
8084878
8084879
8084880
8084881
8084883
8084883
8084872
8099287
8104057
8104057
8104059
8104067
8104067
8104067
8104067
8104067
8104072
8104056
8108229
8108230
8108231
8108233
8108234
8108235
8111597
8111598
8111599
8111600
8111601
8111602
8111609
8111610
8111611
8111612
8130294
8131175
8131176
8131177
8131175
8131183
8131184
8132821
8132822
8132789
8136585
8136586
8136587
8136588
8136590
8136591
8136592
8136594
8136589
8136589
8136589
8136593
8136593
8136593
8136593
8136589
8136699
8136710
8136714
8137083
8137084
8137428
8138283
8138283
8138283
8169370
8169371
8169372
8169373
8170505
8170508
8170509
8183054
8183055
8183056
8183057
8183058
8183059
8183060
8183061
8192382
8192383
8192384
8192385
8192386
8192387
8192388
8192389
8192390
8192391
8192392
8192393
8192394
8192395
8192396
8192397
8192398
8192399
8192400
8192401
8192402
8192422
8192423
8192425
8192426
8192427
8192428
8192429
8192430
8215492
8215493
8215494
8217489
8217490
8217494
8217503
8217519
8217520
8217521
8217522
8217523
8217524
8217525
8217526
8217527
8217528
8219569
8219570
8219571
8219572
8219573
8219576
8219574
8219574
8219575
8219575
8219581
8219581
8219581
8219561
8219561
8219561
8242878
8248271
8248272
8251379
8251380
8253077
8253084
8253085
8260390
8260391
8260392
8261966
8274407
8274408
8274409
8274410
8274411
8274412
8274413
8274414
8274415
8274416
8274418
8274419
8274420
8274421
8274422
8274424
8274424
8274425
8274426
8084883
8279243
8279244
8279245
8279246
8279247
8279248
8294380
8294381
8294382
8294383
8294384
8294385
8294386
8294387
8294388
8294389
8298408
8299909
8299910
8299911
8305717
8315362
8315364
8315368
8315369
8315370
8315372
8322833
8322838
8325675
8325676
8329835
8335387
8335392
8335393
8335386
8335386
8335386
8335386
8335386
8335732
8336724
8336725
8336726
8336727
8336728
8336729
8338947
8338948
8338949
8338957
8338958
8340414
8340415
8343377
8348754
8348936
8348936
8348931
8348932
8348932
8348933
8348933
8348931
8349288
8349289
8349290
8349291
8349985
8349986
8349988
8349989
8349990
8349991
8349992
8352011
8355575
8355578
8355579
8355580
8355581
8355582
8355583
8355584
8355585
8356648
8356649
8356650
8356651
8356652
8356681
8356682
8356683
8356684
8356685
8356686
8356687
8360194
8360195
8362557
8369825
8369826
8369827
8369828
8369829
8369830
8369831
8369832
8369833
8369834
8369835
8369836
8369837
8369838
8369839
8369840
8369841
8369842
8369843
8377221
8377225
8377223
8377224
8377226
8380321
8381824
8381825
8384487
8384508
8384518
8398147
8399108
8399925
8399926
8412228
8412229
8412230
8412231
8412232
8412233
8415463
8415482
8415483
8415484
8415485
8415486
8415487
8415488
8415489
8415499
8415500
8424845
8424856
8424857
8424858
8424859
8424860
8427564
8427565
8427570
8441059
8441060
8441061
8441062
8441063
8441064
8441065
8441066
8441067
8441068
8441069
8441070
8441071
8441072
8441073
8441074
8441082
8441084
8441089
8441090
8441091
8443016
8443017
8445726
8445727
8445728
8449885
8449891
8449897
8449898
8453387
8455942
8455944
8461624
8461627
8464036
8464037
8464038
8464039
8464040
8464041
8464042
8464043
6007603
823456080
823456597
823456599
823456600
823456601
823456830
823456834
823456836
823456842
823456843
823456848
823456848
823456849
823456849
823456850
823456851
823456851
823456852
823456852
823456850
823456853
823456853
823456852
823456854
823456854
823456851
823456855
823456856
823456855
823456856
823457480
823457635
823457658
823457673
823457681
823457688
823457692
823457694
823459087
823459087
823459088
823459088
823459775
823459776
823459777
823459778
823459779
823459780
823459781
823459782
823459783
823459785
823459786
823459787
823459788
823459789
823459790
823459791
823459792
823459793
823459794
823459795
823459796
823459797
823459798
823459799
823459800
823459801
823459802
823459951
823459952
823459962
823459964
823459973
823459974
823463612
823463619
823463669
823463684
823463691
823463693
823463701
823463703
823463715
823463974
823463974
823463974
823463975
823463975
823463975
823463976
823463976
823463976
823463977
823463977
823463977
823463978
823463978
823463978
823463980
823463980
823463981
823463996
823464064
823464070
823464164
823464165
823464166
823464167
823464168
823464186
823464186
823464186
823464650
823465016
823465073
823465744
823465785
823465945
823466161
823466163
823466506
823468440
823469111
823469113
823469112
823469114
823469115
823469116
823469117
823469122
823469126
823469132
823469133
823469137
823469887
823469888
823469889
823469890
823469893
823469891
823469895
823469892
823469897
823469896
823469898
823470319
823470373
823470373
823470373
823470373
823470374
823470374
823470375
823470375
823470376
823470376
823470376
823470376
823470376
823470376
823470376
823470376
823470376
823470377
823470377
823470377
823470377
823470377
823470377
823470377
823470377
823470377
823470378
823470378
823470378
823470379
823470379
823470379
823470379
823470379
823470379
823470379
823470379
823470379
823470378
823470378
823470378
823470378
823470380
823470380
823470380
823470380
823470380
823470380
823470380
823470380
823470380
823470381
823470381
823470382
823470382
823470383
823470384
823470385
823470385
823470385
823470386
823470386
823470387
823470387
823470388
823470388
823470388
823470389
823470389
823470389
823470390
823470390
823470391
823470391
823470392
823470392
823470393
823470393
823470762
823470762
823470762
823470762
823470762
823470803
823470845
823470870
823470870
823470870
823470871
823470880
823470880
823470881
823470881
823470882
823470882
823470883
823470883
823470884
823470884
823470885
823470885
823470955
823470957
823470958
823470956
823470962
823470962
823470962
823470962
823470962
823470963
823470963
823470963
823470963
823470963
823470964
823470964
823470964
823470964
823470964
823470965
823470965
823470965
823470965
823470965
823470966
823470966
823470966
823470966
823470966
823471446
823471963
823471965
823469115
823469133
823472134
823472143
823472144
823472145
823472173
823472962
823472963
823472964
823472965
823472966
823472966
823472966
823472966
823472966
823472967
823472967
823472967
823472967
823472967
823472980
823473074
823473075
823473077
823473135
823473136
823473137
823473138
823473382
823473948
823473958
823473959
823474212
823474213
823474214
823474215
823474216
823474217
823474218
823474219
823474220
823474221
823474222
823474284
823474355
823474948
823475401
823475403
823475439
823475440
823475441
823475442
823475453
823475454
823475455
823475456
823475462
823475463
823475464
823475465
823475466
823475467
823475517
823475518
823475519
823475520
823475580
823475581
2000102
2001191
2001170
2004120
2006237
2007464
2009609
2013419
2018607
2018622
2018612
2018611
2018624
2019778
2030671
2038387
2041406
2041470
2041473
2047039
2049195
2054668
2055706
2055703
2055701
2055709
2064293
2073441
2079171
2079170
2079309
2079995
2083442
2086356
2094099
2094107
2094110
2095317
2095412
2102429
2102445
2109857
2109842
2109843
2111437
2112541
2121466
2137709
2137704
2137717
2141921
2153373
2158196
2158210
2158875
2159284
2159384
2159322
2169099
2176857
2222378
2222252
2222276
2222374
2222256
2222271
2226338
2226331
2226347
2226346
2226332
2226345
2226342
2226341
2226335
2226337
2226330
2226333
2250735
2276007
2281049
2282105
2289583
2289592
2289662
2289579
2289626
2289663
2289711
2289589
2289616
2289573
2289759
2289649
2289761
2289620
2318502
2318420
2319036
2318856
2324146
2326778
2344933
2344925
2344914
2344951
2359598
2370229
2370162
2370237
2370231
2371657
2419385
2422398
2462302
2474172
2549951
2574241
2574167
2578110
2587828
2617818
2705462
2705558
2705461
2719079
2748278
2748332
2759572
2813571
2813447
2824547
2824580
2834242
2866834
2878376
2878370
2905180
2911349
2926807
2929204
2961359
2971160
2971100
3026854
3036399
3036398
3046062
3046046
3046364
3046345
3046370
3067099
3134300
3146995
3165898
3165951
3173661
3179426
3179463
3179388
3182945
3182877
3195330
3195415
3195329
3195362
3195328
3195287
3195298
3195365
3195417
3195410
3195379
3201644
3226039
3249458
3297251
3297253
3297206
3297356
3297993
3297972
3297995
3299462
3303654
3303650
3400861
3400754
3403986
3421744
3421615
3421662
3421715
3452763
3452728
3458142
3468996
3475783
3475757
3475732
3475756
3475831
3475744
3475741
3500162
3500085
3500172
3500066
3500179
3500043
3500176
3500170
3525811
3541491
3562232
3572060
3572135
3572179
3572252
3572320
3572385
3598405
3612753
3615730
3615750
3615791
3631638
3631871
3659418
3659425
3659430
3659440
3660500
2001170
2009609
3666232
3046333
3677509
3677539
3046333
3046333
3680579
3681013
3750299
3750306
3750378
3750667
3750849
3752730
3774004
3774101
3774180
3797778
3797794
3806345
3819385
3819442
3819452
3819477
3819488
3819502
3819518
3868757
3870193
3870917
3914944
3915407
3915412
3915569
3915583
3915589
3915636
3915787
3915795
3915805
3915814
3915818
3915924
3915948
3915965
3915974
3915989
3916023
3916030
3917474
3921332
3928308
3928427
3928447
3928462
3928465
3928469
3931835
3956963
3957114
3957118
3957133
3957187
3957212
3958845
3958872
3976244
3976254
3976262
3976265
3976305
3976336
3977083
3980681
3999728
3999733
3999743
3999766
3999857
4000066
4000111
4002168
4002282
4002303
4002395
4002885
4003306
4027963
4028458
4028469
4028551
4053487
4053514
4053524
4053528
4053535
4054055
4054077
4054129
4065652
4065674
4067101
4085073
4085085
4085097
4117833
4135999
4136002
4136052
4136058
4136068
4136379
4136394
4136418
4136451
4160166
4160169
4160171
4177093
4226781
4226782
4226783
4226784
4226785
4226787
4226788
4226789
4226791
4226792
4226794
4226795
4226796
4226797
4230182
4230183
4230184
4230185
4230186
4230187
4244235
4247757
4247827
4247838
4247843
4247856
4247858
4249196
4249197
4249242
4249450
4253766
4264503
4269236
4269246
4269250
4269256
4269274
4273391
4292080
4292083
4292084
4292085
4292086
4294569
4296875
4314991
4359527
4359584
4359799
4359823
4359829
4359932
4359936
4359939
4360759
4360761
4360762
4360763
4360768
4364360
4364365
4364366
4364367
4364368
4369403
4369408
4369869
4369870
4369871
4369875
4369876
4369878
4369879
4369880
4369881
4369882
4369884
4369885
4369889
4369890
4369897
4369898
4369899
4369900
4369901
4369902
4371748
4377235
4377244
4377247
4377250
4377268
4377273
4377288
4377291
4377295
4377299
4379411
4379428
4379433
4396021
4396031
4396033
4400857
4418519
4418520
4418521
4418522
4418523
4418524
4427894
4427895
4427896
4427897
4427902
4427904
4455000
4455003
4455004
4462996
4462998
4463001
4463002
4463003
4463005
4476233
4476244
4476249
4476251
4476264
4481581
4481600
4481622
4481625
4483769
4483778
4485024
4498176
4508377
4508379
4508381
4508382
4508387
4508388
4508389
4508403
4508404
4508405
4508414
4515712
4515716
4515726
4515730
4525336
4536766
4536781
4541551
4567015
4582115
4582120
4582216
4582282
4582970
4588668
4588681
4588682
4588688
4588717
4594073
4596664
4596665
4596679
4596683
4627411
4627416
4639203
4640400
4640403
4642657
4642659
4642660
4642661
4642662
4642663
4642664
4642666
4642675
4642680
4654460
4654461
4654463
4654465
4654467
4654469
4654470
4660451
4660671
4660672
4660673
4660674
4660675
4660676
4660677
4660678
4660679
4660680
4660681
4660682
4660683
4660684
4660685
4660686
4660687
4660688
4660689
4660690
4660691
4660692
4671467
4671468
4671469
4671568
4671569
4671570
4678179
4679241
4699087
4699091
4699735
4699738
4706543
4706552
4706565
4706586
4706600
4706601
4706603
4706607
4706635
4706646
4706708
4727529
4727563
4727574
4727590
4727608
4727653
4727705
4733134
4743745
4743757
4743793
4743824
4743862
4743893
4744897
4752647
4759751
4760065
4762595
4763866
4763868
4763871
4763873
4774584
4774590
4774593
4774594
4774597
4774601
4774602
4774603
4774607
4774608
4774616
4774627
4774629
4774636
4774649
4774650
4774651
4774653
4774655
4774656
4774657
4774659
4774666
4774667
4774668
4774673
4774676
4774680
4774681
4774682
4774683
4774684
4787273
4787274
4808215
4808216
4808217
4808218
4808219
4808220
4808224
4808225
4808226
4808227
4808228
4808229
4808230
4808231
4808389
4808390
4808391
4808392
4808393
4808394
4808395
4808396
4808397
4808398
4808399
4808400
4808401
4808402
4808403
4808404
4808405
4808406
4808407
4808408
4808409
4826256
4826261
4826265
4841686
4843771
4843772
4843773
4843775
4854211
4854217
4862258
4862285
4862286
4862297
4870913
4870914
4870915
4870917
4870919
4870920
4870921
4870922
4872228
4872255
4889071
4894515
4894516
4894519
4899065
4899066
4899067
4899070
4899073
4899074
4899076
4899077
4899078
4899079
4899080
4899081
4899082
4899083
4899558
4899559
4899560
4899561
4899562
4899563
4899564
4899565
4899566
4899597
4899598
4899599
4899600
4899601
4899602
4899603
4899604
4899606
4899608
4923581
4932838
4942780
4942864
4942875
4946373
4946374
4946375
4946376
4946377
4946539
4963624
4963625
4963626
4969951
4969953
4969987
4969994
4970005
4970019
4970020
4970022
4970025
4970033
4970392
4972468
4973012
4973027
4973042
4974579
4974580
4974608
4974613
4977350
4977351
4977352
4977355
5000080
5000091
5000092
5000093
5000094
5002744
5002748
5002749
5002750
5002751
5013198
5013199
5013200
5013201
5013202
5023175
5023176
5023177
5023178
5023179
5023180
5023181
5023182
5023183
5023184
5023185
5023186
5042725
5042726
5042729
5053395
5053400
5053402
5053408
5053410
5053411
5053414
5053415
5053416
5053417
5053418
5053419
5053420
5053421
5053423
5053428
5053429
5057070
5059539
5059541
5059542
5059543
5059544
5060011
5060012
5060013
5060014
5060015
5060016
5060017
5060018
5060019
5062674
5062676
5062677
5062679
5062680
5062681
5062685
5062686
5062687
5062688
5066927
5066928
5066929
5066930
5066931
5066932
5066933
5066934
5066935
5066936
5066937
5066938
5066939
5066940
5066941
5090538
5106378
5107321
5107618
5142532
5142533
5142534
5142535
5142536
5142537
5142538
5142539
5142540
5142541
5165357
5165359
5165360
5165361
5165362
5165363
5165364
5165365
5165366
5165367
5165368
5165380
5183873
5183874
5183875
5183876
5183877
5183878
5195883
5195884
5195885
5214988
5214993
5214994
5214995
5214996
5214997
5228122
5228123
5228124
5230462
5230463
5230465
5230466
5230467
5234530
5234531
5234532
5234534
5234536
5234537
5234538
5234541
5234542
5234543
5234546
5234548
5234554
5234555
5234556
5234557
5234562
5234563
5234568
5234574
5234575
5234576
5234577
5234579
5234580
5234581
5234583
5234585
5234588
5234590
5234591
5234594
5234596
5234607
5234612
5234617
5234618
5234619
5236971
5236972
5236974
5241018
5243665
5248227
5248228
5248229
5248230
5248231
5248232
5250244
5259014
5259021
5259022
5259023
5259027
5259028
5282366
5283941
5283942
5283943
5283944
5283945
5283946
5283947
5283948
5283949
5283950
5283951
5283952
5284160
5284161
5284162
5302520
5302522
5302524
5308257
5308322
5332333
5335474
5335475
5335476
5337408
5337412
5337414
5337416
5337426
5337427
5337429
5337430
5337431
5337432
5337433
5337434
5337436
5337437
5337438
5337464
5337465
5337466
5337467
5337468
5337470
5339645
5339646
5339647
5339648
5339649
5339650
5339651
5339652
5339653
5339654
5339655
5339656
5339657
5339658
5339659
5339660
5339661
5339662
5339663
5339664
5339665
5339666
5339668
5339669
5339670
5339671
5339672
5339673
5339674
5339675
5348791
5354816
5354817
5354818
5354819
5354820
5354821
5354822
5354823
5354824
5354825
5354826
5354827
5354828
5354829
5354830
5373001
5373005
5373006
5373007
5373008
5373009
5373010
5373011
5373012
5373013
5373014
5373015
5373017
5373019
5373020
5385986
5385987
5385988
5385989
5385990
5385991
5385992
5385993
5385994
5386658
5386659
5386660
5386661
5386663
5386666
5388434
5388435
5388436
5388448
5389557
5389559
5389562
5389563
5389564
5389565
5389567
5389568
5389570
5389571
5389572
5389573
5389574
5401327
5401328
5401331
5401348
5401350
5401351
5401352
5401356
5420881
5420882
5420883
5420884
5420885
5420886
5420887
5420888
5420889
5420891
5420892
5425358
5469334
5469344
5469327
5469330
5469328
5469333
5469336
5469339
5469337
5469342
5469329
5469325
5469335
5469343
5469338
5469345
5469331
5469341
5469332
5469326
5469340
5477430
5477432
5477434
5477424
5477445
5477431
5477433
5477428
5477423
5477444
5477446
5477429
5477616
5477713
5477711
5477717
5477708
5477718
5477716
5477710
5477712
5477707
5477714
5477709
5477715
5494139
5494141
5494227
5514923
5515884
5515893
5515898
5515902
5518866
5518875
5518881
5522309
5522311
5522313
5529211
5529212
5529213
5529214
5529216
5529218
5529219
5529220
5529221
5529223
5529224
5529225
5529226
5529227
5529228
5536299
5536300
5536303
5536305
5536309
5536311
5536312
5536313
5536314
5540440
5540441
5540442
5540443
5540444
5540451
5540452
5548317
5560955
5564756
5565044
5565107
5565136
5565137
5565143
5567778
5567780
5567785
5567788
5567791
5567792
5567800
5567801
5567802
5567803
5567804
5567805
5567806
5567808
5567809
5567815
5567816
5567818
5587654
5587657
5587660
5587662
5587655
5587658
5587645
5587634
5587661
5587651
5587656
5602892
5602896
5602882
5604568
5604569
5610439
5610412
5610420
5610417
5610421
5610414
5610401
5610415
5610438
5610416
5610419
5610413
5610440
5611494
5611495
5611517
5611529
5611531
5611533
5611537
5611539
5611541
5611543
5611545
5613403
5613443
5613446
5613451
5613450
5613454
5613440
5613444
5613452
5613448
5613442
5613453
5613402
5613408
5613449
5613445
5613447
5613456
5621041
5621012
5621013
5621014
5621015
5621044
5621045
5621047
5621049
5621050
5621051
5621033
5621034
5621035
5621036
5621037
5621038
5647368
5647373
5647371
5647369
5647370
5647367
5647372
5647693
5647694
5647689
5649612
5649613
5649614
5649616
5649617
5649618
5649619
5649620
5649621
5649622
5652221
5652218
5652252
5652231
5652220
5652222
5652217
5652214
5652219
5652216
5652230
5652242
5652223
5662098
5662099
5662097
5668361
5668372
5670939
5687148
5687149
5687150
5687151
5687152
5687153
5694049
5694045
5694041
5694044
5707444
5707433
5707430
5707428
5707427
5707429
5707442
5707439
5707436
5707431
5707440
5707443
5707445
5707437
5707434
5707435
5707438
5707441
5709358
5709361
5709357
5709314
5709368
5709365
5709360
5709312
5709315
5709317
5709366
5709363
5709364
5709367
5709313
5709316
5709362
5709359
5709356
5711424
5711425
5711422
5711779
5711771
5711772
5724097
5724102
5724099
5724108
5724105
5724100
5724103
5724104
5724101
5724098
5724107
5724106
5726436
5726438
5726426
5726435
5726437
5726427
5728333
5728334
5728335
5728336
5728338
5728339
5728341
5728342
5728343
5728344
5728345
5728378
5728382
5728383
5728384
5728388
5728459
5733406
5743160
5743162
5743166
5743168
5749286
5749289
5749296
5749293
5749290
5749297
5749288
5749291
5749294
5749298
5749292
5749295
5749285
5749287
5749284
5751509
5751493
5751495
5751497
5751499
5751501
5751503
5751505
5751508
5751510
5751512
5751513
5751517
5751507
5751498
5751506
5751515
5751494
5751511
5751502
5751491
5751519
5751514
5751516
5751518
5751520
5751521
5751496
5751500
5751504
5751643
5751654
5751661
5751662
5751666
5751813
5753662
5754349
5754351
5754352
5754353
5754355
5754356
5754357
5754359
5754360
5754361
5754363
5754380
5758372
5758368
5758370
5758374
5758371
5758376
5758375
5758369
5758373
5758576
5758575
5758578
5758564
5758577
5758579
5762113
5762112
5762111
5762115
5771534
5778166
5778989
5778987
5778984
5778990
5778986
5778988
5782966
5782977
5788839
5788841
5788973
5789121
5789471
5794068
5794069
5794071
5794070
5794080
5795043
5797907
5798381
5798383
5798412
5798415
5798417
5798419
5799899
5799848
5799901
5799902
5799903
5799904
5799905
5799906
5799907
5799908
5799909
5799910
5799911
5799842
5799843
5799844
5799845
5799846
5799847
5799900
5799915
5799922
5819214
5819216
5819218
5826894
5829048
5829049
5829050
5829377
5829378
5829380
5829382
5832977
5834605
5834607
5834608
5834609
5834610
5834612
5834617
5834618
5834620
5834708
5834709
5834723
5834740
5834741
5834747
5834748
5834749
5834751
5834754
5834756
5834757
5834759
5834762
5834763
5834764
5834765
5834785
5834787
5839116
5839120
5839123
5841607
5841608
5841609
5841610
5841611
5841612
5841613
5841614
5841615
5841616
5841617
5841618
5841619
5841620
5841621
5841622
5841623
5841624
5841625
5841626
5841627
5841628
5841629
5841630
5841631
5857836
5857828
5857829
5861279
5861282
5861287
5861289
5861437
5862685
5878130
5878131
5878132
5878133
5878134
5878135
5878136
5878138
5878139
5878205
5883147
5883148
5895946
5895952
5895966
5897034
5897237
5897259
5927526
5927521
5927523
5927525
5927527
5927529
5927542
5927530
5927528
5927522
5927524
5927519
5928751
5928753
5928761
5928763
5928943
5929022
5930190
5930199
5930201
5930303
5940637
5940638
5940639
5940640
5940641
5940642
5940643
5940644
5940645
5960307
5964840
5964842
5965286
5965288
5965296
5965297
5965305
5965311
5973414
5973415
5973416
5973417
5973418
5973419
5973420
5973421
5973422
5973423
5973424
5973425
5973426
5988514
5988516
5988518
5988520
5988522
5988524
5988526
5998170
5998175
5998176
5998177
5998178
5998179
5998180
5998182
5998184
5998186
5998187
5998188
5998190
5998191
5998193
5998194
5998195
5998196
6000114
6000114
6000104
6000104
6000104
6000112
6000112
6000109
6000109
6000106
6000106
6000103
6000113
6000113
6000105
6000105
6000111
6000111
6000102
6000108
6000108
6000107
6000107
6000110
6000103
6000110
6009619
6012307
6013625
6019600
6000114
6000104
6000104
6028664
6028665
6028666
6028667
6028668
6028669
6028675
6031376
6032113
6032116
6037700
6053882
6066726
6066728
6077651
6077652
6085832
6085833
6085834
6085835
6085836
6085837
6085838
6085839
6085840
6085841
6085842
6086105
6086113
6089751
6089752
6089755
6089756
6089757
6089758
6089759
6089760
6089761
6089762
6089763
6089765
6095062
6134810
6143984
6143985
6143986
6143987
6143988
6143989
6143990
6143991
6143992
6143993
6143994
6143995
6143996
6143997
6143998
6144001
6144012
6144017
6144018
6144019
6144020
6144021
6144022
6144023
6144024
6144025
6144026
6144027
6144028
6144029
6144040
6144051
6144062
6144073
6153272
6153284
6153286
6153288
6159133
6159134
6159135
6159136
6159138
6159143
6159144
6159145
6159146
6159147
6159148
6159152
6159153
6159154
6159155
6159156
6159157
6159158
6159159
6159160
6159162
6159163
6159164
6159166
6159167
6159168
6159169
6159170
6159173
6159870
6168101
6168102
6168103
6168105
6169180
6169187
6169194
6169195
6169196
6169197
6169198
6169358
6169359
6169360
6169361
6169362
6169363
6169364
6169365
6169369
6169370
6169371
6169372
6174601
6174602
6178200
6178201
6178202
6178203
6178204
6184496
6184497
6184498
6184499
6184500
6184501
6184502
6184503
6184504
6186773
6186773
6186773
6186773
6200244
6200245
6200246
6200247
6200252
6200259
6200264
6200265
6200266
6202780
6202781
6202782
6202783
6202784
6202785
6202786
6202787
6202788
6202789
6202793
6202794
6202795
6202796
6202797
6202798
6211603
6211604
6211605
6211606
6212734
6212735
6212736
6212737
6212738
6212739
6212961
6212962
6212963
6212964
6212965
6212966
6212967
6212968
6212969
6212971
6218918
6220454
6230870
6230871
6247681
6247802
6257854
6257861
6257865
6281321
6299649
6299650
6299651
6299652
6299653
6299654
6299655
6299656
6299658
6299659
6299660
6299661
6299662
6299663
6299664
6299665
6315360
6328520
6328521
6328523
6331608
6331609
6331610
6331611
6331612
6331613
6331614
6331615
6331616
6331617
6331618
6331619
6331620
6331621
6331622
6331623
6331624
6331625
6331626
6331627
6331628
6331629
6331630
6331631
6331632
6331633
6331634
6331635
6331636
6331637
6331638
6331639
6331640
6331641
6331642
6331743
6333459
6333460
6333461
6333462
6333463
6333464
6333465
6333466
6333467
6333468
6333469
6335421
6355931
6355933
6355934
6363507
6363507
6363506
6363505
6363504
6363505
6363506
6363506
6363504
6363505
6378743
6378744
6378745
6378746
6378747
6378748
6378749
6378750
6378751
6378752
6378753
6378754
6378758
6387901
6396221
6401553
6401555
6401556
6413432
6418696
6418697
6418698
6425989
6425990
6425991
6438047
6438048
6438049
6438389
6438390
6438391
6438392
6438393
6438394
6438395
6438396
6438397
6438398
6438399
6438400
6438401
6438404
6438438
6438439
6438440
6438482
6438495
6438499
6438500
6438501
6438502
6438503
6438504
6438505
6438506
6438507
6486821
6486823
6486861
6486863
6500252
6501520
6509331
6509342
6509422
6510010
6509997
6510000
6510008
6510005
6510002
6509996
6510006
6510009
6509993
6510003
6509999
6510001
6510004
6510007
6509994
6509998
6509995
6512735
6518954
6525481
6526245
6526246
6526247
6526248
6526249
6526250
6526251
6541851
6541852
6545991
6546084
6546085
6546086
6546087
6546088
6546089
6546090
6546091
6546092
6546093
6546094
6546095
6546096
6546097
6546098
6546099
6546106
6546109
6546110
6546111
6546112
6546113
6546114
6546809
6546810
6546811
6546812
6546813
6546814
6546815
6546816
6546817
6546818
6546819
6546820
6546821
6546822
6546823
6546824
6546831
6546834
6546835
6546836
6546837
6546838
6546839
6547219
6547220
6547221
6547222
6547223
6547224
6547225
6547226
6547227
6547228
6547229
6547230
6547231
6547232
6547233
6547234
6547240
6547241
6547242
6547243
6547244
6547245
6547246
6547247
6547248
6547249
6552082
6552083
6552084
6552085
6552086
6552088
6552089
6552090
6552091
6552092
6552093
6552094
6552104
6552115
6552118
6552119
6552120
6552121
6552122
6555842
6565920
6565921
6565922
6578902
6578910
6578911
6578912
6578913
6578914
6578915
6578916
6596297
6596298
6596299
6596300
6596301
6596302
6596303
6596304
6596305
6596306
6596307
6596308
6596309
6596310
6596311
6596312
6596313
6596314
6631075
6631076
6631077
6631078
6631079
6631080
6631081
6631082
6631083
6657012
6657013
6657014
6657015
6657016
6657017
6657018
6657019
6657020
6657021
6657022
6657023
6657024
6657025
6657026
6657027
6657028
6657029
6658549
6658551
6665620
6665621
6665622
6665623
6665624
6665625
6665626
6665627
6665628
6665629
6665630
6665631
6665632
6665633
6665634
6665755
6665756
6665757
6665758
6665759
6665760
6665761
6665763
6665764
6665765
6665766
6665767
6665768
6665769
6665770
6665771
6665772
6665773
6665774
6665775
6665776
6665777
6665778
6665779
6665780
6665781
6665782
6665783
6669788
6683996
6683997
6704994
6704995
6704997
6704998
6712328
6712329
6712330
6712331
6712335
6712336
6712337
6712338
6712340
6712341
6712345
6712346
6712348
6712355
6712356
6714170
6714216
6714218
6714219
6714221
6714268
6735186
6735190
6735204
6735230
6742729
6742729
6742776
6749120
6804794
6804845
6806795
6806796
6806797
6806798
6806799
6806800
6806801
6806802
6806803
6810680
6810681
6810682
6810683
6819618
6819620
6824505
6824506
6824507
6824508
6824509
6831277
6832095
6832096
6832097
6832707
6832709
6832711
6833874
6833885
6833946
6836128
6836130
6836131
6836133
6836135
6839259
6841694
6844728
6844729
6844730
6844731
6844732
6844733
6844734
6844735
6844736
6844737
6844738
6848058
6848059
6848060
6848061
6848062
6848063
6848064
6848065
6848067
6848068
6848069
6848070
6848071
6848072
6848073
6848074
6848075
6848076
6848078
6848079
6848080
6848081
6848082
6848083
6848084
6848085
6848086
6848087
6848089
6848090
6848091
6851585
6852158
6852159
6852160
6852161
6858388
6858389
6864520
6864596
6875566
6875568
6875569
6875570
6875572
6875573
6875574
6875575
6875577
6875578
6875579
6875581
6886230
6886920
6886921
6892212
6892214
6898417
6898420
6898422
6898424
6898426
6898427
6898428
6899446
6899447
6899450
6901281
6901282
6901283
6924481
6924483
6924484
6924485
6924486
6924487
6924488
6924489
6928021
6928022
6929257
6929258
6929259
6933800
6933801
6933803
6933804
6933805
6933806
6933812
6933813
6933814
6933815
6938490
6938491
6942461
6942462
6942463
6942464
6942465
6942466
6942467
6942468
6942470
6942471
6952983
6952984
6952995
6952996
6952999
6953011
6953012
6953023
6953025
6953032
6953034
6953035
6953036
6953037
6953041
6953042
6953060
6953071
6953074
6953082
6953084
6953085
6953096
6953105
6953107
6953114
6953771
6953804
6953808
6953814
6956329
6956331
6964772
6964773
6964774
6964775
6964776
6964777
6964778
6964779
6964780
6966664
6966665
6966666
6966667
6966668
6966669
6966670
6966671
6966672
6966673
6966674
6982246
6982248
6982249
6982250
6982251
6982252
6982253
6982254
6982255
6982257
6987597
6987610
6987613
6987618
6987619
6987621
6987623
6987629
6987635
6987639
6987642
6992078
6992083
6992089
6992154
6993536
6998032
6998033
6998036
6998037
6998038
7002463
7002464
7002465
7009547
7017588
7017591
7017593
7017595
7017596
7017597
7017599
7031121
7031122
7031123
7031124
7031125
7031126
7031128
7031129
7031130
7031131
7031132
7032053
7037013
7040897
7040898
7040899
7040900
7040901
7040902
7040903
7040904
7040905
7040906
7040907
7052357
7052358
7052359
7052360
7052361
7052362
7052363
7094415
7094416
7094417
7094418
7094419
7094420
7094422
7094423
7094424
7094440
7094441
7094442
7094444
7094445
7094446
7094447
7094448
7094449
7094475
7094477
7094479
7094480
7094481
7094482
7094483
7094543
7104877
7104879
7104881
7110594
7110595
7110596
7110597
7110598
7110599
7110600
7110601
7110602
7110603
7110604
7110605
7112019
7112020
7128189
7130390
7138286
7138287
7138289
7142652
7142653
7142654
7142655
7142656
7142657
7142658
7142659
7142660
7142661
7142662
7142663
7145250
7145258
7145268
7145270
7147886
7152386
7152388
7159686
7159687
7159689
7159690
7159691
7159692
7159693
7159694
7159695
7159697
7159698
7159699
7159700
7159701
7159703
7159704
7159705
7159696
7159696
7179863
7179864
7179865
7179866
7179867
7179868
7179869
7179986
7179987
7179988
7179989
7179990
7179991
7179992
7179993
7179994
7179995
7179996
7179997
7179998
7179999
7180000
7180001
7180002
7180003
7189204
7189205
7189207
7189208
7196900
7196901
7196902
7203542
7203543
7229863
7248351
7248352
7248354
7248355
7248356
7248357
7248358
7248359
7248360
7248361
7248362
7281226
7281227
7281231
7281232
7281234
7281235
7281236
7281240
7281246
7281247
7281248
7281251
7281252
7281253
7281254
7281255
7281256
7281260
7281262
7281264
7293394
7293395
7293510
7293511
7293512
7293513
7293514
7293515
7293516
7293517
7293518
7293519
7293520
7293521
7300290
7325018
7325019
7325020
7325021
7325022
7325023
7325024
7325025
7325026
7326066
7326067
7326070
7338585
7338586
7338587
7343289
7343290
7343291
7343292
7343294
7343295
7344324
7344325
7344326
7344327
7344328
7344329
7344330
7344331
7344332
7344334
7347558
7357586
7357588
7359669
7359670
7359671
7359672
7359673
7359674
7359675
7359676
7364128
7364129
7364130
7364131
7364132
7364134
7369340
7369341
7369342
7369343
7369344
7369345
7369346
7369347
7369348
7369349
7369350
7369351
6186773
7371288
7371289
7371290
7371291
7371292
7371293
7396308
7396310
7396311
7396313
7396314
7396315
7396316
7396317
7396318
7396319
7396321
7396322
7396323
7396324
7396325
7396326
7396327
7396328
7396329
7396330
7396332
7396333
7396334
7396335
7396407
7396457
7396463
7396466
7396467
7396486
7396487
7396488
7396509
7396526
7396527
7396528
7396539
7396540
7396541
7400453
7400454
7406739
7406740
7406741
7406742
7406743
7406744
7406745
7406746
7406747
7406748
7406749
7406750
7406751
7406752
7406753
7406754
7406755
7406756
7406757
7406758
7406759
7406760
7406761
7406762
7406763
7406764
7406765
7406766
7406767
7406768
7406769
7407440
7407442
7407443
7407444
7407445
7407446
7407447
7407448
7412182
7424722
7424723
7424724
7424725
7424726
7424727
7424728
7424729
7424730
7425686
7425787
7438056
7438080
7438081
7438082
7438083
7438084
7438085
7438086
7438088
7445308
7445309
7445310
7445311
7445312
7445313
7445314
7445315
7445316
7445317
7450752
7450753
7450754
7450755
7450756
7450757
7456187
7456188
7456189
7458126
7458127
7458128
7458129
7458130
7458131
7458132
7458133
7466791
7466792
7466793
7466794
7467903
7473844
7478579
7478699
7478700
7478701
7478703
7478704
7506749
7506750
7506751
7506752
7506753
7506754
7506755
7520138
7520139
7520140
7520141
7520142
7520342
7520343
7520344
7520345
7525249
7525250
7525251
7525252
7525253
7525254
7525255
7525256
7525257
7525258
7525260
7525262
7525263
7525264
7525265
7525266
7525267
7525268
7530099
7530100
7530101
7530102
7530103
7536826
7544388
7551287
7558297
7558298
7558299
7558300
7558301
7558302
7558303
7558304
7558305
7558306
7558307
7558308
7558309
7558310
7558311
7558312
7558313
7558314
7562781
7562782
7562783
7562784
7562785
7562786
7562787
7562788
7562789
7562790
7562791
7562792
7562793
7565081
7565082
7565083
7565085
7565087
7565088
7590792
7590793
7590794
7590795
7590796
7590797
7590798
7590799
7590800
7590801
7590802
7590803
7594798
7598274
7598275
7598276
7598277
7598278
7598279
7598280
7598281
7598282
7599213
7612928
7612929
7612930
7612931
7612932
7612933
7612934
7612935
7612936
7612937
7612939
7612940
7612941
7612942
7612943
7612944
7612945
7612946
7612947
7612948
7612950
7613048
7613049
7613051
7613052
7613071
7617537
7617537
7617537
7617538
7617538
7617538
7618592
7618593
7618596
7618597
7618598
7625450
7625451
7625452
7625453
7625454
7625455
7629517
7629518
7629519
7639296
7641347
7641348
7641349
7641350
7644156
7651541
7651542
7651546
7651547
7651548
7651549
7669286
7669287
7669288
7669289
7669290
7669291
7669292
7669293
7670568
7670571
7670572
7670573
7670575
7670577
7670579
7670580
7685170
7685172
7685174
7685175
7685176
7685178
7685181
7685182
7685184
7685187
7685188
7690809
7693775
7693777
7693779
7695958
7695959
7695960
7702883
7707016
7710271
7710272
7710273
7710274
7721344
7773917
7773918
7773919
7773920
7773921
7773922
7773923
7773924
7773925
7773926
7773927
7773928
7773929
7791077
7791078
7791079
7791080
7791081
7791082
7791083
7791084
7791085
7801020
7801021
7809630
7809631
7809632
7809633
7809634
7809635
7809636
7809637
7824607
7824608
7824695
7824696
7824697
7824708
7824711
7828850
7832908
7832909
7832911
7832912
7833210
7833210
7833210
7833211
7833211
7833211
7835591
7835592
7835805
7850790
7850791
7850792
7850793
7850794
7850795
7855032
7867770
7867771
7867772
7867773
7867774
7867775
7867776
7867777
7867778
7867779
7867780
7867781
7867782
7867783
7867784
7867785
7867786
7867787
7867788
7867789
7867790
7867791
7867792
7867793
7867794
7867795
7867796
7867797
7867798
7867799
7867800
7867801
7867802
7867803
7867804
7867805
7867806
7867807
7867808
7867809
7873371
7874106
7874107
7874108
7874109
7877570
7881726
7887484
7887800
7887802
7887803
7887804
7887805
7887808
7887810
7887811
7887812
7887816
7887817
7887820
7887821
7887824
7887826
7887827
7896270
7896273
7896274
7896276
7896278
7896279
7896283
7896285
7899339
7899340
7904638
7904641
7904641
7904641
7904642
7904642
7904642
7904675
7905032
7905033
7905034
7915686
7915687
7915688
7915689
7915690
7915691
7915692
7915693
7915694
7915695
7915696
7915697
7915698
7915699
7915700
7915701
7915702
7915703
7915704
7915705
7915706
7915707
7915708
7915709
7915710
7915711
7915712
7915713
7915714
7915715
7915716
7915717
7915718
7915719
7915720
7915721
7915722
7915723
7915724
7915725
7915726
7915727
7915728
7915729
7915730
7915731
7915732
7915733
7915734
7915736
7915736
7915741
7915748
7915749
7915752
7915763
7915764
7916341
7919517
7919551
7919552
7919553
7919554
7919555
7919556
7919557
7919558
7919559
7919560
7919561
7919562
7919563
7919564
7919565
7919566
7922360
7922361
7922362
7922363
7922365
7922366
7922367
7922368
7922369
7922910
7922911
7922913
7922914
7922915
7922916
7930505
7935786
7935787
7935788
7935789
7935790
7935791
7935792
7935793
7935794
7935795
7935796
7935797
7935798
7935799
7935800
7935801
7935802
7954238
7954239
7954240
7954241
7954242
7954243
7954244
7954245
7954246
7954247
7954248
7954249
7954250
7954251
7954252
7954253
7954254
7954255
7954256
7954257
7954258
7954259
7954260
7954261
7959411
7959425
7961374
7961375
7961376
7961377
7961378
7961379
7961380
7961381
7961382
7962131
7962132
7984263
7984264
7984265
7984266
7984267
7984268
7984269
7984270
7984271
7984272
7984273
7984274
7984276
8011922
8015523
8017455
8017456
8017457
8024454
8024455
8024456
8024457
8024458
8024459
8024460
8024461
8031284
8031285
8031286
8032584
8032585
8032586
8032587
8032588
8044546
8044548
8044549
8044550
8044551
8044552
8044553
8044554
8051201
8061092
8061093
8061094
8061095
8061096
8061097
8061098
8061099
8061100
8061101
8061102
8061103
8068238
8068241
8068243
8088626
8097587
8097588
8097589
8097590
8097591
8097592
8097593
8097594
8097595
8097596
8097597
8097598
8097599
8097600
8097601
8097602
8097603
8097604
8097605
8097606
8097607
8097608
8097609
8097610
8097611
8097612
8097613
8099263
8099265
8099266
8099267
8099268
8099269
8099271
8099272
8099273
8100580
8100581
8100582
8100583
8100584
8100585
8100587
8120337
8120338
8139432
8139433
8139434
8139435
8139436
8139437
8139438
8139439
8139440
8139441
8139442
8139443
8139444
8139445
8139446
8139447
8140342
8140345
8140346
8140347
8140348
8144087
8145523
8155327
8157218
8177937
8177940
8177942
8177945
8177946
8177948
8177949
8177951
8177953
8177955
8177957
8177958
8177959
8180470
8180474
2009609
8197650
8197653
8197655
8200480
8200481
8200482
8217491
8217492
8217493
8217495
8217496
8217497
8217498
8217499
8217500
8217501
8217502
8228597
8228598
8228599
8228600
8228601
8228602
8228603
8228604
8228605
8228606
8228607
8228608
8228609
8228610
8228611
8228612
8228613
8228614
8228615
8228616
8228617
8228618
8228619
8228620
8228621
8228622
8228623
8228624
8228625
8228626
8239832
8239833
8239834
8239835
8239836
8239837
8239838
8239839
8239840
8254228
8254230
8269233
8274417
8274428
8274429
8274430
8274431
8285711
8285714
8285715
8285717
8299227
8299228
8299229
8299231
8299437
8303749
8303751
8303754
8305193
8305195
8305510
8305511
8305512
8305513
8305514
8305515
8305516
8305517
8305518
8305519
8305520
8305521
8305522
8305523
8305524
8305525
8305526
8305527
8305528
8305529
8305530
8305531
8305532
8305533
8305534
8305535
8305536
8305537
8305538
8305539
8305540
8305541
8305542
8308755
8308757
8308792
8308793
8310841
8310842
8310843
8310844
8310845
8310846
8310847
8310848
8310849
8310850
8310851
8310852
8310853
8310854
8310855
8310856
8310857
8310858
8314557
8314558
8314559
8314560
8314561
8314562
8314563
8314564
8314565
8314566
8314567
8314568
8314569
8314570
8314571
8314572
8314573
8315141
8315142
8315143
8315144
8315145
8315146
8329939
8337186
8337187
8337188
8337189
8337190
8337191
8338053
8338054
8338055
8338056
8338058
8338059
8338060
8345185
8345191
8345196
8345199
8345204
8345209
8345211
8345215
8345216
8345218
8345220
8349101
8355978
8361068
8392794
8395409
8395410
8395411
8395412
8395413
8395414
8395415
8395416
8395417
8395418
8395419
8395420
8395421
8395422
8395423
8395424
8395425
8395426
8395427
8395428
8395429
8395430
8395431
8395432
8395433
8395434
8395435
8395436
8395437
8395438
8395439
8395440
8395441
8395442
8395443
8395444
8395445
8395446
8395447
8395448
8395449
8395450
8395451
8395577
8395578
8408650
8408651
8408652
8408653
8408654
8408655
8408656
8408657
8408658
8408659
8408660
8408661
8408662
8410504
8410505
8410509
8410510
8410511
8410516
8410517
8410518
8410519
8414799
8414800
8414801
8414802
8414803
8414804
8414825
8414835
8417107
8420138
8424740
8424741
8426486
8426487
8426488
8426489
8426518
8426804
8442838
8442839
8442840
823456308
823456336
823456345
823456347
823456558
823456559
823456560
823456561
823456562
823456564
823456563
823456565
823456566
823456567
823456568
823456569
823456570
823456572
823456573
823456574
823456575
823456576
823456577
823456578
823456579
823456580
823456581
823456582
823456583
823456584
823456585
823456586
823456587
823456588
823456589
823456590
823456591
823456592
823456593
823456594
823456595
823456763
823456765
823456766
823456767
823456768
823456769
823456770
823456772
823456773
823456811
823456812
823456813
823456814
823456815
823456816
823456817
823457551
823457557
823457559
823457812
823457819
823457820
823458039
823458052
823458061
823458062
823458063
823458064
823458065
823458066
823458067
823458068
823458069
823458070
823458071
823458072
823458073
823458074
823458075
823458076
823458077
823458078
823458079
823458080
823458081
823458082
823458083
823458084
823458085
823458086
823458087
823458088
823458089
823458090
823458091
823458092
823458093
823458094
823458095
823458096
823458097
823458098
823458099
823458100
823458101
823458102
823458103
823458104
823458105
823458106
823458107
823458108
823458109
823458110
823458111
823458112
823458113
823458114
823458115
823459093
823459094
823459101
823459102
823459103
823459104
823459109
823456581
823459228
823459229
823459230
823459231
823459232
823459427
823459428
823459703
823459705
823459708
823459709
823459710
823459712
823459713
823459716
823459814
823459815
823459816
823459829
823459814
823459814
823459831
823459830
823459833
823459845
823459959
823459963
823459977
823459978
823457559
823464022
823464023
823464024
823464026
823464028
823464032
823464034
823464039
823464041
823464043
823464044
823464046
823464047
823464050
823464051
823464053
823464054
823464055
823464056
823464058
823464062
823464066
823464077
823464078
823464080
823464082
823464085
823464086
823464089
823464090
823464092
823464093
823464094
823464095
823464096
823464097
823464098
823464099
823464100
823464101
823464102
823464103
823464104
823464189
823465887
823466566
823466567
823466568
823466569
823466570
823466571
823466572
823466573
823466574
823466575
823466576
823466577
823466578
823469110
823469215
823469214
823469216
823469217
823469219
823469218
823469220
823469904
823469905
823469982
823469997
823469999
823470000
823470003
823470012
823470016
823470027
823470036
823470037
823470038
823470039
823470040
823470041
823470042
823470043
823470044
823470052
823470046
823470047
823470048
823470049
823470050
823470051
823470053
823470070
823470451
823470453
823470460
823470461
823470462
823470463
823470636
823470637
823470638
823470639
823470640
823470641
823470642
823470815
823470852
823470853
823470856
823470858
823470859
823471433
823471434
823471435
823471436
823471437
823471765
823471767
823471783
823471793
823471905
823471903
823471904
823471906
823472002
823472007
823472097
823472098
823472099
823472102
823472103
823472227
823472228
823472230
823472959
823472960
823472960
823473122
823473123
823473124
823473139
823473140
823473307
823473475
823473649
823473655
823473657
823473660
823473660
823474443
823474660
823474661
823474662
823474663
823474664
823474665
823474666
823474667
823474667
823474668
823474669
823474670
823474671
823474672
823474673
823474674
823474675
823474676
823474677
823474900
823474926
823475050
823475051
823475053
823475050
823475051
823475053
823475053
823475053
823474667
823474667
823474667
823475054
823475055
823475053
823475061
823475067
823475414
823475414
823475414
823475415
823475415
823475415
823475416
823475416
823475443
823475443
823475443
823475528
823475529
823475530
823475635
823475644
823475837